intrinsic:
  - [633.4702758789062, 0.0, 643.2290649414062, 0.0, 633.4702758789062, 358.43710327148440, 0.0, 0.0, 1.0] # Camera 07
  - [637.5651855468750, 0.0, 643.3377075195312, 0.0, 637.5651855468750, 355.36029052734375, 0.0, 0.0, 1.0] # Camera 08
  - [640.7938842773438, 0.0, 645.1088256835938, 0.0, 640.7938842773438, 356.41973876953125, 0.0, 0.0, 1.0] # Camera 09
  - [642.6897583007812, 0.0, 645.2349853515625, 0.0, 642.6897583007812, 355.75634765625000, 0.0, 0.0, 1.0] # Camera 10
  - [636.7474365234375, 0.0, 646.0920410156250, 0.0, 636.7474365234375, 354.06201171875000, 0.0, 0.0, 1.0] # Camera 12
  - [634.4075927734375, 0.0, 648.9084472656250, 0.0, 634.4075927734375, 353.61984252929690, 0.0, 0.0, 1.0] # Camera 13
  - [639.1757202148438, 0.0, 640.9295043945312, 0.0, 639.1757202148438, 359.30337524414060, 0.0, 0.0, 1.0] # Camera 14
  - [632.9553833007812, 0.0, 648.3692016601562, 0.0, 632.9553833007812, 362.07434082031250, 0.0, 0.0, 1.0] # Camera 15
  - [634.9670410156250, 0.0, 648.5556030273438, 0.0, 634.9670410156250, 359.17272949218750, 0.0, 0.0, 1.0] # Camera 16
  - [634.7619018554688, 0.0, 640.7207031250000, 0.0, 634.7619018554688, 361.98428344726560, 0.0, 0.0, 1.0] # Camera 17
  - [634.0314331054688, 0.0, 645.3065185546875, 0.0, 634.0314331054688, 355.34844970703125, 0.0, 0.0, 1.0] # Camera 18
  - [632.0878295898438, 0.0, 634.7310791015625, 0.0, 632.0878295898438, 359.90802001953125, 0.0, 0.0, 1.0] # Camera 19
  - [637.4907226562500, 0.0, 646.9685058593750, 0.0, 637.4907226562500, 354.89749145507810, 0.0, 0.0, 1.0] # Camera 20
  - [630.6112670898438, 0.0, 638.5942382812500, 0.0, 630.6112670898438, 356.17416381835940, 0.0, 0.0, 1.0] # Camera 21
  - [640.6287841796875, 0.0, 639.3165283203125, 0.0, 640.6287841796875, 362.24920654296875, 0.0, 0.0, 1.0] # Camera 22