intrinsic:
  - [633.4702758789062, 0.0, 643.2290649414062, 0.0, 633.4702758789062, 358.43710327148440, 0.0, 0.0, 1.0]
  - [637.5651855468750, 0.0, 643.3377075195312, 0.0, 637.5651855468750, 355.36029052734375, 0.0, 0.0, 1.0]
  - [640.7938842773438, 0.0, 645.1088256835938, 0.0, 640.7938842773438, 356.41973876953125, 0.0, 0.0, 1.0]
  - [642.6897583007812, 0.0, 645.2349853515625, 0.0, 642.6897583007812, 355.75634765625000, 0.0, 0.0, 1.0]
